273.817444 225.645172
286.455170 224.333954
297.809174 228.516113
261.471069 232.354797
349.575043 222.926498
362.799866 228.851746
335.040283 222.641495
324.769287 227.528244
273.669495 242.338287
274.198242 249.123047
269.546204 245.526764
287.628754 241.711395
294.310333 246.033051
280.013367 241.055786
278.337494 250.123871
283.541565 250.037048
350.447998 246.525726
336.090637 240.212860
343.685791 238.760040
355.063782 242.602585
340.912415 247.996948
328.643799 245.389160
346.126465 247.733765
350.238708 239.792603
312.189087 285.609253
311.886749 279.192352
311.786255 270.351563
311.852814 261.066956
311.617676 247.218689
313.248077 293.896820
300.268311 283.104584
324.808716 282.371277
295.172394 285.502899
322.091858 290.595856
304.577271 291.112579
331.612885 284.360107
338.600189 314.419678
321.569855 307.691742
306.490387 325.032959
313.635254 308.745544
331.915802 310.338959
333.962250 318.956055
305.851074 308.161560
295.590027 320.238953
291.044556 315.964600
296.457642 311.549988
323.055298 324.505341
314.624146 326.011841
314.094757 314.536194
307.504944 314.645264
314.214539 317.790161
304.687012 317.359558
320.953278 314.178223
324.072784 316.683533
248.440735 264.377350
265.562012 326.306000
250.157028 278.354919
258.835388 312.670166
253.907837 294.600067
275.328979 338.887207
289.148865 346.019318
316.237396 354.736755
343.708679 344.242249
358.889496 336.110352
380.590149 273.707031
374.369995 308.696991
380.739258 259.716461
367.964142 322.914551
378.376770 290.262421
