-9.38537693
-6.56847477
-2.65645647
-5.58760738
-0.222104907
-0.237978414
-0.0560195260
0.920901716
0.560811758
-0.935035050
-0.249689505
0.830849946
-1.18203616
-1.56052256
0.569385886
0.884700119
0.523003697
0.270399451
-0.311953843
-0.255229622
0.678364515
0.0193319023
0.359630227
-0.406619281
0.0893304124
0.492424458
-0.537729084
0.214544848
0.0517023616
0.245764017
0.289525867
-0.0565531328
-0.0290272459
-0.132477805
-0.173791572
0.0870023519
0.0381610245
-0.0222286377
-0.100124814
0.153928488
0.152810022
0.192700505
0.0111111589
-0.0220858622
-0.0522711053
-0.0279141553
0.0640078485
-0.124165848
