18.6016312
-3.07803249
-10.3274469
-4.09479904
-4.89563322
6.40607738
5.07887030
-0.805534899
2.01367307
-2.99370337
-0.0508777723
0.881020069
0.621421695
-0.526165128
-0.764726937
0.232940778	
0.0454254746
-0.144547299
-0.343254328
0.569860518	
-0.319374323
-0.320412397
-0.281425536
-0.204633176
0.344676703	
-0.00392436981
0.168492660	
-0.0830679312
-0.206460238
0.313865691
-0.0971770138
0.0186682269
-0.0163635612
0.0159261078
-0.123447575
0.0776006579
0.0493732803
-0.228258207
0.0146912541
0.0836013034
0.0173767731
0.00123832375
-0.0274117589
-0.0629922003
0.0111357654
0.00907670148
0.00418509264
-0.0020409720
